0, 1 (1737)
0, 2 (1790)
0, 3 (1730)
0, 4 (1744)
0, 5 (1761)
0, 6 (1745)
0, 7 (1799)
0, 8 (1769)
0, 9 (1776)
0, 10 (1734)
0, 11 (1818)
0, 12 (1762)
0, 13 (1730)
0, 14 (1717)
0, 15 (1698)
0, 16 (1726)
0, 17 (1753)
0, 18 (1751)
0, 19 (1723)
0, 20 (1753)
0, 21 (1780)
0, 22 (1762)
0, 23 (1786)
0, 24 (1737)
0, 25 (1763)
1, 2 (1672)
1, 3 (1729)
1, 4 (1705)
1, 5 (1741)
1, 6 (1724)
1, 7 (1761)
1, 8 (1790)
1, 9 (1723)
1, 10 (1713)
1, 11 (1742)
1, 12 (1721)
1, 13 (1679)
1, 14 (1744)
1, 15 (1686)
1, 16 (1715)
1, 17 (1687)
1, 18 (1716)
1, 19 (1772)
1, 20 (1713)
1, 21 (1677)
1, 22 (1684)
1, 23 (1767)
1, 24 (1729)
1, 25 (1764)
2, 3 (1718)
2, 4 (1789)
2, 5 (1824)
2, 6 (1742)
2, 7 (1784)
2, 8 (1817)
2, 9 (1791)
2, 10 (1713)
2, 11 (1816)
2, 12 (1719)
2, 13 (1685)
2, 14 (1703)
2, 15 (1765)
2, 16 (1750)
2, 17 (1722)
2, 18 (1803)
2, 19 (1755)
2, 20 (1777)
2, 21 (1771)
2, 22 (1759)
2, 23 (1797)
2, 24 (1734)
2, 25 (1795)
3, 4 (1704)
3, 5 (1799)
3, 6 (1692)
3, 7 (1726)
3, 8 (1748)
3, 9 (1726)
3, 10 (1697)
3, 11 (1761)
3, 12 (1692)
3, 13 (1658)
3, 14 (1714)
3, 15 (1655)
3, 16 (1675)
3, 17 (1698)
3, 18 (1724)
3, 19 (1744)
3, 20 (1726)
3, 21 (1728)
3, 22 (1708)
3, 23 (1783)
3, 24 (1729)
3, 25 (1753)
4, 5 (1761)
4, 6 (1728)
4, 7 (1724)
4, 8 (1781)
4, 9 (1750)
4, 10 (1699)
4, 11 (1758)
4, 12 (1709)
4, 13 (1665)
4, 14 (1730)
4, 15 (1691)
4, 16 (1714)
4, 17 (1740)
4, 18 (1795)
4, 19 (1749)
4, 20 (1749)
4, 21 (1699)
4, 22 (1735)
4, 23 (1780)
4, 24 (1710)
4, 25 (1744)
5, 6 (1767)
5, 7 (1758)
5, 8 (1812)
5, 9 (1814)
5, 10 (1769)
5, 11 (1781)
5, 12 (1767)
5, 13 (1703)
5, 14 (1767)
5, 15 (1737)
5, 16 (1801)
5, 17 (1699)
5, 18 (1826)
5, 19 (1760)
5, 20 (1767)
5, 21 (1752)
5, 22 (1732)
5, 23 (1764)
5, 24 (1762)
5, 25 (1772)
6, 7 (1754)
6, 8 (1770)
6, 9 (1743)
6, 10 (1726)
6, 11 (1782)
6, 12 (1778)
6, 13 (1700)
6, 14 (1715)
6, 15 (1731)
6, 16 (1722)
6, 17 (1742)
6, 18 (1792)
6, 19 (1765)
6, 20 (1729)
6, 21 (1761)
6, 22 (1701)
6, 23 (1778)
6, 24 (1724)
6, 25 (1733)
7, 8 (1813)
7, 9 (1762)
7, 10 (1730)
7, 11 (1805)
7, 12 (1738)
7, 13 (1730)
7, 14 (1748)
7, 15 (1704)
7, 16 (1739)
7, 17 (1735)
7, 18 (1752)
7, 19 (1734)
7, 20 (1753)
7, 21 (1767)
7, 22 (1737)
7, 23 (1782)
7, 24 (1768)
7, 25 (1758)
8, 9 (1817)
8, 10 (1787)
8, 11 (1834)
8, 12 (1787)
8, 13 (1722)
8, 14 (1767)
8, 15 (1744)
8, 16 (1777)
8, 17 (1763)
8, 18 (1788)
8, 19 (1798)
8, 20 (1767)
8, 21 (1820)
8, 22 (1752)
8, 23 (1802)
8, 24 (1811)
8, 25 (1786)
9, 10 (1735)
9, 11 (1768)
9, 12 (1740)
9, 13 (1690)
9, 14 (1758)
9, 15 (1737)
9, 16 (1710)
9, 17 (1749)
9, 18 (1790)
9, 19 (1697)
9, 20 (1753)
9, 21 (1761)
9, 22 (1695)
9, 23 (1789)
9, 24 (1751)
9, 25 (1775)
10, 11 (1736)
10, 12 (1745)
10, 13 (1667)
10, 14 (1753)
10, 15 (1669)
10, 16 (1714)
10, 17 (1722)
10, 18 (1743)
10, 19 (1726)
10, 20 (1733)
10, 21 (1765)
10, 22 (1700)
10, 23 (1767)
10, 24 (1734)
10, 25 (1725)
11, 12 (1787)
11, 13 (1708)
11, 14 (1741)
11, 15 (1763)
11, 16 (1751)
11, 17 (1740)
11, 18 (1815)
11, 19 (1836)
11, 20 (1769)
11, 21 (1818)
11, 22 (1706)
11, 23 (1788)
11, 24 (1753)
11, 25 (1765)
12, 13 (1647)
12, 14 (1720)
12, 15 (1698)
12, 16 (1768)
12, 17 (1712)
12, 18 (1716)
12, 19 (1731)
12, 20 (1784)
12, 21 (1708)
12, 22 (1728)
12, 23 (1750)
12, 24 (1762)
12, 25 (1756)
13, 14 (1675)
13, 15 (1666)
13, 16 (1650)
13, 17 (1674)
13, 18 (1723)
13, 19 (1716)
13, 20 (1732)
13, 21 (1695)
13, 22 (1680)
13, 23 (1777)
13, 24 (1659)
13, 25 (1672)
14, 15 (1696)
14, 16 (1755)
14, 17 (1734)
14, 18 (1755)
14, 19 (1718)
14, 20 (1706)
14, 21 (1754)
14, 22 (1712)
14, 23 (1757)
14, 24 (1712)
14, 25 (1736)
15, 16 (1748)
15, 17 (1722)
15, 18 (1765)
15, 19 (1718)
15, 20 (1700)
15, 21 (1719)
15, 22 (1704)
15, 23 (1749)
15, 24 (1699)
15, 25 (1722)
16, 17 (1702)
16, 18 (1732)
16, 19 (1775)
16, 20 (1753)
16, 21 (1758)
16, 22 (1737)
16, 23 (1786)
16, 24 (1715)
16, 25 (1765)
17, 18 (1769)
17, 19 (1730)
17, 20 (1750)
17, 21 (1740)
17, 22 (1669)
17, 23 (1805)
17, 24 (1737)
17, 25 (1722)
18, 19 (1785)
18, 20 (1767)
18, 21 (1771)
18, 22 (1751)
18, 23 (1820)
18, 24 (1741)
18, 25 (1781)
19, 20 (1770)
19, 21 (1772)
19, 22 (1756)
19, 23 (1769)
19, 24 (1729)
19, 25 (1760)
20, 21 (1729)
20, 22 (1697)
20, 23 (1798)
20, 24 (1711)
20, 25 (1756)
21, 22 (1697)
21, 23 (1762)
21, 24 (1744)
21, 25 (1690)
22, 23 (1752)
22, 24 (1722)
22, 25 (1749)
23, 24 (1748)
23, 25 (1744)
24, 25 (1757)
