0, 1, 2 (819)
0, 1, 3 (843)
0, 1, 4 (829)
0, 1, 5 (829)
0, 1, 6 (840)
0, 1, 7 (872)
0, 1, 8 (852)
0, 1, 9 (861)
0, 1, 10 (832)
0, 1, 11 (860)
0, 1, 12 (824)
0, 1, 13 (823)
0, 1, 14 (835)
0, 1, 15 (806)
0, 1, 16 (803)
0, 1, 17 (847)
0, 1, 18 (833)
0, 1, 19 (838)
0, 1, 20 (829)
0, 1, 21 (819)
0, 1, 22 (824)
0, 1, 23 (880)
0, 1, 24 (838)
0, 1, 25 (871)
0, 2, 3 (857)
0, 2, 4 (851)
0, 2, 5 (891)
0, 2, 6 (853)
0, 2, 7 (884)
0, 2, 8 (877)
0, 2, 9 (875)
0, 2, 10 (844)
0, 2, 11 (890)
0, 2, 12 (849)
0, 2, 13 (836)
0, 2, 14 (820)
0, 2, 15 (849)
0, 2, 16 (864)
0, 2, 17 (857)
0, 2, 18 (852)
0, 2, 19 (848)
0, 2, 20 (872)
0, 2, 21 (862)
0, 2, 22 (893)
0, 2, 23 (871)
0, 2, 24 (858)
0, 2, 25 (883)
0, 3, 4 (828)
0, 3, 5 (859)
0, 3, 6 (813)
0, 3, 7 (855)
0, 3, 8 (848)
0, 3, 9 (862)
0, 3, 10 (823)
0, 3, 11 (878)
0, 3, 12 (836)
0, 3, 13 (820)
0, 3, 14 (816)
0, 3, 15 (794)
0, 3, 16 (816)
0, 3, 17 (837)
0, 3, 18 (814)
0, 3, 19 (825)
0, 3, 20 (842)
0, 3, 21 (843)
0, 3, 22 (833)
0, 3, 23 (870)
0, 3, 24 (834)
0, 3, 25 (854)
0, 4, 5 (839)
0, 4, 6 (826)
0, 4, 7 (855)
0, 4, 8 (854)
0, 4, 9 (855)
0, 4, 10 (829)
0, 4, 11 (869)
0, 4, 12 (833)
0, 4, 13 (810)
0, 4, 14 (835)
0, 4, 15 (802)
0, 4, 16 (817)
0, 4, 17 (850)
0, 4, 18 (857)
0, 4, 19 (839)
0, 4, 20 (840)
0, 4, 21 (824)
0, 4, 22 (867)
0, 4, 23 (852)
0, 4, 24 (839)
0, 4, 25 (833)
0, 5, 6 (846)
0, 5, 7 (860)
0, 5, 8 (861)
0, 5, 9 (863)
0, 5, 10 (864)
0, 5, 11 (883)
0, 5, 12 (834)
0, 5, 13 (845)
0, 5, 14 (818)
0, 5, 15 (829)
0, 5, 16 (841)
0, 5, 17 (830)
0, 5, 18 (844)
0, 5, 19 (832)
0, 5, 20 (848)
0, 5, 21 (856)
0, 5, 22 (864)
0, 5, 23 (843)
0, 5, 24 (853)
0, 5, 25 (851)
0, 6, 7 (875)
0, 6, 8 (838)
0, 6, 9 (847)
0, 6, 10 (847)
0, 6, 11 (875)
0, 6, 12 (849)
0, 6, 13 (827)
0, 6, 14 (807)
0, 6, 15 (817)
0, 6, 16 (840)
0, 6, 17 (875)
0, 6, 18 (863)
0, 6, 19 (849)
0, 6, 20 (850)
0, 6, 21 (860)
0, 6, 22 (840)
0, 6, 23 (853)
0, 6, 24 (840)
0, 6, 25 (859)
0, 7, 8 (872)
0, 7, 9 (880)
0, 7, 10 (850)
0, 7, 11 (889)
0, 7, 12 (867)
0, 7, 13 (870)
0, 7, 14 (860)
0, 7, 15 (833)
0, 7, 16 (864)
0, 7, 17 (875)
0, 7, 18 (859)
0, 7, 19 (822)
0, 7, 20 (862)
0, 7, 21 (912)
0, 7, 22 (881)
0, 7, 23 (886)
0, 7, 24 (893)
0, 7, 25 (877)
0, 8, 9 (873)
0, 8, 10 (860)
0, 8, 11 (890)
0, 8, 12 (837)
0, 8, 13 (836)
0, 8, 14 (835)
0, 8, 15 (822)
0, 8, 16 (853)
0, 8, 17 (851)
0, 8, 18 (856)
0, 8, 19 (863)
0, 8, 20 (836)
0, 8, 21 (893)
0, 8, 22 (866)
0, 8, 23 (870)
0, 8, 24 (877)
0, 8, 25 (856)
0, 9, 10 (838)
0, 9, 11 (895)
0, 9, 12 (846)
0, 9, 13 (836)
0, 9, 14 (844)
0, 9, 15 (833)
0, 9, 16 (822)
0, 9, 17 (857)
0, 9, 18 (856)
0, 9, 19 (826)
0, 9, 20 (851)
0, 9, 21 (868)
0, 9, 22 (841)
0, 9, 23 (888)
0, 9, 24 (846)
0, 9, 25 (875)
0, 10, 11 (860)
0, 10, 12 (877)
0, 10, 13 (809)
0, 10, 14 (840)
0, 10, 15 (808)
0, 10, 16 (837)
0, 10, 17 (831)
0, 10, 18 (851)
0, 10, 19 (819)
0, 10, 20 (859)
0, 10, 21 (866)
0, 10, 22 (872)
0, 10, 23 (877)
0, 10, 24 (828)
0, 10, 25 (831)
0, 11, 12 (879)
0, 11, 13 (856)
0, 11, 14 (849)
0, 11, 15 (851)
0, 11, 16 (851)
0, 11, 17 (863)
0, 11, 18 (870)
0, 11, 19 (878)
0, 11, 20 (878)
0, 11, 21 (894)
0, 11, 22 (860)
0, 11, 23 (900)
0, 11, 24 (863)
0, 11, 25 (874)
0, 12, 13 (826)
0, 12, 14 (824)
0, 12, 15 (801)
0, 12, 16 (844)
0, 12, 17 (839)
0, 12, 18 (849)
0, 12, 19 (811)
0, 12, 20 (860)
0, 12, 21 (852)
0, 12, 22 (871)
0, 12, 23 (835)
0, 12, 24 (874)
0, 12, 25 (863)
0, 13, 14 (820)
0, 13, 15 (806)
0, 13, 16 (799)
0, 13, 17 (843)
0, 13, 18 (838)
0, 13, 19 (824)
0, 13, 20 (858)
0, 13, 21 (848)
0, 13, 22 (846)
0, 13, 23 (865)
0, 13, 24 (834)
0, 13, 25 (815)
0, 14, 15 (792)
0, 14, 16 (810)
0, 14, 17 (845)
0, 14, 18 (852)
0, 14, 19 (789)
0, 14, 20 (821)
0, 14, 21 (833)
0, 14, 22 (839)
0, 14, 23 (855)
0, 14, 24 (795)
0, 14, 25 (829)
0, 15, 16 (820)
0, 15, 17 (825)
0, 15, 18 (840)
0, 15, 19 (794)
0, 15, 20 (801)
0, 15, 21 (836)
0, 15, 22 (844)
0, 15, 23 (835)
0, 15, 24 (806)
0, 15, 25 (847)
0, 16, 17 (840)
0, 16, 18 (834)
0, 16, 19 (851)
0, 16, 20 (847)
0, 16, 21 (853)
0, 16, 22 (853)
0, 16, 23 (860)
0, 16, 24 (819)
0, 16, 25 (852)
0, 17, 18 (859)
0, 17, 19 (843)
0, 17, 20 (891)
0, 17, 21 (874)
0, 17, 22 (843)
0, 17, 23 (900)
0, 17, 24 (837)
0, 17, 25 (844)
0, 18, 19 (851)
0, 18, 20 (854)
0, 18, 21 (851)
0, 18, 22 (842)
0, 18, 23 (885)
0, 18, 24 (863)
0, 18, 25 (869)
0, 19, 20 (832)
0, 19, 21 (822)
0, 19, 22 (847)
0, 19, 23 (836)
0, 19, 24 (832)
0, 19, 25 (843)
0, 20, 21 (854)
0, 20, 22 (830)
0, 20, 23 (877)
0, 20, 24 (828)
0, 20, 25 (841)
0, 21, 22 (866)
0, 21, 23 (847)
0, 21, 24 (855)
0, 21, 25 (817)
0, 22, 23 (858)
0, 22, 24 (848)
0, 22, 25 (881)
0, 23, 24 (844)
0, 23, 25 (828)
0, 24, 25 (855)
1, 2, 3 (817)
1, 2, 4 (818)
1, 2, 5 (823)
1, 2, 6 (802)
1, 2, 7 (836)
1, 2, 8 (854)
1, 2, 9 (829)
1, 2, 10 (794)
1, 2, 11 (828)
1, 2, 12 (816)
1, 2, 13 (764)
1, 2, 14 (786)
1, 2, 15 (793)
1, 2, 16 (807)
1, 2, 17 (765)
1, 2, 18 (815)
1, 2, 19 (841)
1, 2, 20 (805)
1, 2, 21 (792)
1, 2, 22 (827)
1, 2, 23 (846)
1, 2, 24 (799)
1, 2, 25 (858)
1, 3, 4 (854)
1, 3, 5 (867)
1, 3, 6 (836)
1, 3, 7 (854)
1, 3, 8 (860)
1, 3, 9 (850)
1, 3, 10 (828)
1, 3, 11 (861)
1, 3, 12 (830)
1, 3, 13 (815)
1, 3, 14 (835)
1, 3, 15 (800)
1, 3, 16 (824)
1, 3, 17 (818)
1, 3, 18 (824)
1, 3, 19 (849)
1, 3, 20 (844)
1, 3, 21 (816)
1, 3, 22 (839)
1, 3, 23 (880)
1, 3, 24 (840)
1, 3, 25 (872)
1, 4, 5 (837)
1, 4, 6 (815)
1, 4, 7 (848)
1, 4, 8 (860)
1, 4, 9 (830)
1, 4, 10 (814)
1, 4, 11 (832)
1, 4, 12 (816)
1, 4, 13 (803)
1, 4, 14 (829)
1, 4, 15 (817)
1, 4, 16 (814)
1, 4, 17 (816)
1, 4, 18 (841)
1, 4, 19 (854)
1, 4, 20 (818)
1, 4, 21 (775)
1, 4, 22 (835)
1, 4, 23 (853)
1, 4, 24 (818)
1, 4, 25 (847)
1, 5, 6 (861)
1, 5, 7 (822)
1, 5, 8 (870)
1, 5, 9 (848)
1, 5, 10 (852)
1, 5, 11 (828)
1, 5, 12 (825)
1, 5, 13 (824)
1, 5, 14 (853)
1, 5, 15 (825)
1, 5, 16 (846)
1, 5, 17 (792)
1, 5, 18 (867)
1, 5, 19 (872)
1, 5, 20 (837)
1, 5, 21 (832)
1, 5, 22 (814)
1, 5, 23 (841)
1, 5, 24 (861)
1, 5, 25 (872)
1, 6, 7 (852)
1, 6, 8 (860)
1, 6, 9 (857)
1, 6, 10 (822)
1, 6, 11 (866)
1, 6, 12 (870)
1, 6, 13 (835)
1, 6, 14 (833)
1, 6, 15 (838)
1, 6, 16 (839)
1, 6, 17 (842)
1, 6, 18 (845)
1, 6, 19 (873)
1, 6, 20 (817)
1, 6, 21 (840)
1, 6, 22 (802)
1, 6, 23 (863)
1, 6, 24 (837)
1, 6, 25 (840)
1, 7, 8 (880)
1, 7, 9 (856)
1, 7, 10 (840)
1, 7, 11 (894)
1, 7, 12 (851)
1, 7, 13 (823)
1, 7, 14 (856)
1, 7, 15 (821)
1, 7, 16 (860)
1, 7, 17 (835)
1, 7, 18 (852)
1, 7, 19 (872)
1, 7, 20 (863)
1, 7, 21 (839)
1, 7, 22 (851)
1, 7, 23 (881)
1, 7, 24 (863)
1, 7, 25 (867)
1, 8, 9 (885)
1, 8, 10 (880)
1, 8, 11 (866)
1, 8, 12 (871)
1, 8, 13 (822)
1, 8, 14 (880)
1, 8, 15 (840)
1, 8, 16 (856)
1, 8, 17 (851)
1, 8, 18 (866)
1, 8, 19 (891)
1, 8, 20 (836)
1, 8, 21 (846)
1, 8, 22 (844)
1, 8, 23 (875)
1, 8, 24 (892)
1, 8, 25 (867)
1, 9, 10 (838)
1, 9, 11 (838)
1, 9, 12 (831)
1, 9, 13 (811)
1, 9, 14 (864)
1, 9, 15 (816)
1, 9, 16 (811)
1, 9, 17 (831)
1, 9, 18 (850)
1, 9, 19 (826)
1, 9, 20 (844)
1, 9, 21 (822)
1, 9, 22 (803)
1, 9, 23 (865)
1, 9, 24 (840)
1, 9, 25 (855)
1, 10, 11 (826)
1, 10, 12 (852)
1, 10, 13 (789)
1, 10, 14 (868)
1, 10, 15 (791)
1, 10, 16 (824)
1, 10, 17 (824)
1, 10, 18 (856)
1, 10, 19 (823)
1, 10, 20 (847)
1, 10, 21 (834)
1, 10, 22 (824)
1, 10, 23 (870)
1, 10, 24 (853)
1, 10, 25 (848)
1, 11, 12 (863)
1, 11, 13 (813)
1, 11, 14 (836)
1, 11, 15 (827)
1, 11, 16 (827)
1, 11, 17 (825)
1, 11, 18 (851)
1, 11, 19 (887)
1, 11, 20 (847)
1, 11, 21 (838)
1, 11, 22 (815)
1, 11, 23 (867)
1, 11, 24 (845)
1, 11, 25 (841)
1, 12, 13 (808)
1, 12, 14 (819)
1, 12, 15 (805)
1, 12, 16 (847)
1, 12, 17 (813)
1, 12, 18 (797)
1, 12, 19 (841)
1, 12, 20 (845)
1, 12, 21 (782)
1, 12, 22 (817)
1, 12, 23 (829)
1, 12, 24 (871)
1, 12, 25 (857)
1, 13, 14 (800)
1, 13, 15 (804)
1, 13, 16 (790)
1, 13, 17 (806)
1, 13, 18 (830)
1, 13, 19 (829)
1, 13, 20 (820)
1, 13, 21 (797)
1, 13, 22 (806)
1, 13, 23 (859)
1, 13, 24 (814)
1, 13, 25 (826)
1, 14, 15 (823)
1, 14, 16 (863)
1, 14, 17 (854)
1, 14, 18 (847)
1, 14, 19 (874)
1, 14, 20 (842)
1, 14, 21 (815)
1, 14, 22 (848)
1, 14, 23 (866)
1, 14, 24 (852)
1, 14, 25 (862)
1, 15, 16 (837)
1, 15, 17 (820)
1, 15, 18 (832)
1, 15, 19 (826)
1, 15, 20 (803)
1, 15, 21 (799)
1, 15, 22 (798)
1, 15, 23 (846)
1, 15, 24 (824)
1, 15, 25 (833)
1, 16, 17 (801)
1, 16, 18 (813)
1, 16, 19 (875)
1, 16, 20 (842)
1, 16, 21 (796)
1, 16, 22 (824)
1, 16, 23 (859)
1, 16, 24 (820)
1, 16, 25 (854)
1, 17, 18 (820)
1, 17, 19 (841)
1, 17, 20 (855)
1, 17, 21 (803)
1, 17, 22 (811)
1, 17, 23 (865)
1, 17, 24 (826)
1, 17, 25 (844)
1, 18, 19 (838)
1, 18, 20 (825)
1, 18, 21 (819)
1, 18, 22 (798)
1, 18, 23 (853)
1, 18, 24 (824)
1, 18, 25 (861)
1, 19, 20 (870)
1, 19, 21 (844)
1, 19, 22 (847)
1, 19, 23 (870)
1, 19, 24 (882)
1, 19, 25 (854)
1, 20, 21 (794)
1, 20, 22 (806)
1, 20, 23 (869)
1, 20, 24 (839)
1, 20, 25 (847)
1, 21, 22 (754)
1, 21, 23 (829)
1, 21, 24 (815)
1, 21, 25 (805)
1, 22, 23 (864)
1, 22, 24 (833)
1, 22, 25 (855)
1, 23, 24 (863)
1, 23, 25 (870)
1, 24, 25 (870)
2, 3, 4 (844)
2, 3, 5 (878)
2, 3, 6 (803)
2, 3, 7 (857)
2, 3, 8 (883)
2, 3, 9 (855)
2, 3, 10 (816)
2, 3, 11 (870)
2, 3, 12 (800)
2, 3, 13 (806)
2, 3, 14 (811)
2, 3, 15 (797)
2, 3, 16 (830)
2, 3, 17 (810)
2, 3, 18 (835)
2, 3, 19 (838)
2, 3, 20 (855)
2, 3, 21 (827)
2, 3, 22 (840)
2, 3, 23 (844)
2, 3, 24 (818)
2, 3, 25 (881)
2, 4, 5 (894)
2, 4, 6 (871)
2, 4, 7 (875)
2, 4, 8 (876)
2, 4, 9 (867)
2, 4, 10 (865)
2, 4, 11 (900)
2, 4, 12 (845)
2, 4, 13 (811)
2, 4, 14 (848)
2, 4, 15 (857)
2, 4, 16 (843)
2, 4, 17 (861)
2, 4, 18 (920)
2, 4, 19 (882)
2, 4, 20 (897)
2, 4, 21 (845)
2, 4, 22 (848)
2, 4, 23 (865)
2, 4, 24 (850)
2, 4, 25 (900)
2, 5, 6 (892)
2, 5, 7 (874)
2, 5, 8 (914)
2, 5, 9 (902)
2, 5, 10 (867)
2, 5, 11 (908)
2, 5, 12 (880)
2, 5, 13 (830)
2, 5, 14 (870)
2, 5, 15 (887)
2, 5, 16 (898)
2, 5, 17 (844)
2, 5, 18 (910)
2, 5, 19 (895)
2, 5, 20 (876)
2, 5, 21 (878)
2, 5, 22 (892)
2, 5, 23 (889)
2, 5, 24 (881)
2, 5, 25 (909)
2, 6, 7 (848)
2, 6, 8 (865)
2, 6, 9 (855)
2, 6, 10 (813)
2, 6, 11 (886)
2, 6, 12 (858)
2, 6, 13 (829)
2, 6, 14 (815)
2, 6, 15 (859)
2, 6, 16 (843)
2, 6, 17 (846)
2, 6, 18 (876)
2, 6, 19 (863)
2, 6, 20 (856)
2, 6, 21 (868)
2, 6, 22 (841)
2, 6, 23 (875)
2, 6, 24 (836)
2, 6, 25 (856)
2, 7, 8 (894)
2, 7, 9 (887)
2, 7, 10 (843)
2, 7, 11 (907)
2, 7, 12 (842)
2, 7, 13 (848)
2, 7, 14 (851)
2, 7, 15 (854)
2, 7, 16 (876)
2, 7, 17 (842)
2, 7, 18 (872)
2, 7, 19 (843)
2, 7, 20 (881)
2, 7, 21 (870)
2, 7, 22 (878)
2, 7, 23 (870)
2, 7, 24 (874)
2, 7, 25 (886)
2, 8, 9 (908)
2, 8, 10 (881)
2, 8, 11 (924)
2, 8, 12 (863)
2, 8, 13 (835)
2, 8, 14 (855)
2, 8, 15 (893)
2, 8, 16 (881)
2, 8, 17 (872)
2, 8, 18 (868)
2, 8, 19 (892)
2, 8, 20 (884)
2, 8, 21 (894)
2, 8, 22 (879)
2, 8, 23 (913)
2, 8, 24 (879)
2, 8, 25 (894)
2, 9, 10 (855)
2, 9, 11 (879)
2, 9, 12 (836)
2, 9, 13 (817)
2, 9, 14 (846)
2, 9, 15 (872)
2, 9, 16 (857)
2, 9, 17 (868)
2, 9, 18 (884)
2, 9, 19 (850)
2, 9, 20 (876)
2, 9, 21 (873)
2, 9, 22 (855)
2, 9, 23 (890)
2, 9, 24 (869)
2, 9, 25 (898)
2, 10, 11 (850)
2, 10, 12 (827)
2, 10, 13 (787)
2, 10, 14 (854)
2, 10, 15 (839)
2, 10, 16 (857)
2, 10, 17 (862)
2, 10, 18 (837)
2, 10, 19 (829)
2, 10, 20 (850)
2, 10, 21 (849)
2, 10, 22 (822)
2, 10, 23 (901)
2, 10, 24 (860)
2, 10, 25 (850)
2, 11, 12 (863)
2, 11, 13 (839)
2, 11, 14 (830)
2, 11, 15 (888)
2, 11, 16 (856)
2, 11, 17 (854)
2, 11, 18 (902)
2, 11, 19 (887)
2, 11, 20 (895)
2, 11, 21 (900)
2, 11, 22 (871)
2, 11, 23 (898)
2, 11, 24 (862)
2, 11, 25 (887)
2, 12, 13 (793)
2, 12, 14 (814)
2, 12, 15 (839)
2, 12, 16 (845)
2, 12, 17 (792)
2, 12, 18 (837)
2, 12, 19 (821)
2, 12, 20 (886)
2, 12, 21 (829)
2, 12, 22 (848)
2, 12, 23 (833)
2, 12, 24 (834)
2, 12, 25 (881)
2, 13, 14 (774)
2, 13, 15 (827)
2, 13, 16 (804)
2, 13, 17 (791)
2, 13, 18 (830)
2, 13, 19 (827)
2, 13, 20 (838)
2, 13, 21 (828)
2, 13, 22 (832)
2, 13, 23 (851)
2, 13, 24 (798)
2, 13, 25 (809)
2, 14, 15 (831)
2, 14, 16 (834)
2, 14, 17 (818)
2, 14, 18 (860)
2, 14, 19 (812)
2, 14, 20 (818)
2, 14, 21 (841)
2, 14, 22 (843)
2, 14, 23 (836)
2, 14, 24 (806)
2, 14, 25 (851)
2, 15, 16 (874)
2, 15, 17 (846)
2, 15, 18 (876)
2, 15, 19 (871)
2, 15, 20 (876)
2, 15, 21 (875)
2, 15, 22 (874)
2, 15, 23 (890)
2, 15, 24 (825)
2, 15, 25 (862)
2, 16, 17 (814)
2, 16, 18 (855)
2, 16, 19 (845)
2, 16, 20 (859)
2, 16, 21 (866)
2, 16, 22 (857)
2, 16, 23 (874)
2, 16, 24 (832)
2, 16, 25 (897)
2, 17, 18 (847)
2, 17, 19 (843)
2, 17, 20 (853)
2, 17, 21 (842)
2, 17, 22 (823)
2, 17, 23 (873)
2, 17, 24 (832)
2, 17, 25 (832)
2, 18, 19 (883)
2, 18, 20 (889)
2, 18, 21 (903)
2, 18, 22 (878)
2, 18, 23 (895)
2, 18, 24 (868)
2, 18, 25 (894)
2, 19, 20 (869)
2, 19, 21 (880)
2, 19, 22 (863)
2, 19, 23 (876)
2, 19, 24 (840)
2, 19, 25 (866)
2, 20, 21 (857)
2, 20, 22 (849)
2, 20, 23 (889)
2, 20, 24 (834)
2, 20, 25 (913)
2, 21, 22 (848)
2, 21, 23 (881)
2, 21, 24 (875)
2, 21, 25 (838)
2, 22, 23 (858)
2, 22, 24 (845)
2, 22, 25 (880)
2, 23, 24 (844)
2, 23, 25 (897)
2, 24, 25 (868)
3, 4, 5 (853)
3, 4, 6 (811)
3, 4, 7 (828)
3, 4, 8 (878)
3, 4, 9 (832)
3, 4, 10 (812)
3, 4, 11 (841)
3, 4, 12 (794)
3, 4, 13 (801)
3, 4, 14 (835)
3, 4, 15 (793)
3, 4, 16 (790)
3, 4, 17 (835)
3, 4, 18 (854)
3, 4, 19 (847)
3, 4, 20 (853)
3, 4, 21 (813)
3, 4, 22 (823)
3, 4, 23 (878)
3, 4, 24 (827)
3, 4, 25 (857)
3, 5, 6 (864)
3, 5, 7 (869)
3, 5, 8 (910)
3, 5, 9 (904)
3, 5, 10 (884)
3, 5, 11 (860)
3, 5, 12 (870)
3, 5, 13 (851)
3, 5, 14 (865)
3, 5, 15 (833)
3, 5, 16 (876)
3, 5, 17 (838)
3, 5, 18 (878)
3, 5, 19 (890)
3, 5, 20 (879)
3, 5, 21 (851)
3, 5, 22 (880)
3, 5, 23 (878)
3, 5, 24 (891)
3, 5, 25 (890)
3, 6, 7 (839)
3, 6, 8 (835)
3, 6, 9 (815)
3, 6, 10 (819)
3, 6, 11 (820)
3, 6, 12 (826)
3, 6, 13 (796)
3, 6, 14 (819)
3, 6, 15 (805)
3, 6, 16 (812)
3, 6, 17 (820)
3, 6, 18 (845)
3, 6, 19 (844)
3, 6, 20 (832)
3, 6, 21 (839)
3, 6, 22 (818)
3, 6, 23 (865)
3, 6, 24 (840)
3, 6, 25 (832)
3, 7, 8 (877)
3, 7, 9 (843)
3, 7, 10 (833)
3, 7, 11 (860)
3, 7, 12 (824)
3, 7, 13 (833)
3, 7, 14 (820)
3, 7, 15 (796)
3, 7, 16 (823)
3, 7, 17 (816)
3, 7, 18 (839)
3, 7, 19 (835)
3, 7, 20 (833)
3, 7, 21 (857)
3, 7, 22 (837)
3, 7, 23 (873)
3, 7, 24 (836)
3, 7, 25 (853)
3, 8, 9 (873)
3, 8, 10 (860)
3, 8, 11 (879)
3, 8, 12 (844)
3, 8, 13 (820)
3, 8, 14 (830)
3, 8, 15 (825)
3, 8, 16 (856)
3, 8, 17 (842)
3, 8, 18 (855)
3, 8, 19 (871)
3, 8, 20 (854)
3, 8, 21 (872)
3, 8, 22 (856)
3, 8, 23 (883)
3, 8, 24 (896)
3, 8, 25 (881)
3, 9, 10 (829)
3, 9, 11 (846)
3, 9, 12 (824)
3, 9, 13 (816)
3, 9, 14 (841)
3, 9, 15 (810)
3, 9, 16 (800)
3, 9, 17 (811)
3, 9, 18 (848)
3, 9, 19 (833)
3, 9, 20 (835)
3, 9, 21 (857)
3, 9, 22 (819)
3, 9, 23 (874)
3, 9, 24 (834)
3, 9, 25 (851)
3, 10, 11 (839)
3, 10, 12 (830)
3, 10, 13 (771)
3, 10, 14 (833)
3, 10, 15 (794)
3, 10, 16 (797)
3, 10, 17 (824)
3, 10, 18 (815)
3, 10, 19 (827)
3, 10, 20 (812)
3, 10, 21 (834)
3, 10, 22 (833)
3, 10, 23 (869)
3, 10, 24 (843)
3, 10, 25 (835)
3, 11, 12 (850)
3, 11, 13 (829)
3, 11, 14 (832)
3, 11, 15 (823)
3, 11, 16 (803)
3, 11, 17 (843)
3, 11, 18 (853)
3, 11, 19 (882)
3, 11, 20 (865)
3, 11, 21 (869)
3, 11, 22 (830)
3, 11, 23 (887)
3, 11, 24 (859)
3, 11, 25 (849)
3, 12, 13 (774)
3, 12, 14 (826)
3, 12, 15 (785)
3, 12, 16 (810)
3, 12, 17 (816)
3, 12, 18 (818)
3, 12, 19 (846)
3, 12, 20 (867)
3, 12, 21 (798)
3, 12, 22 (820)
3, 12, 23 (847)
3, 12, 24 (846)
3, 12, 25 (832)
3, 13, 14 (790)
3, 13, 15 (771)
3, 13, 16 (778)
3, 13, 17 (789)
3, 13, 18 (816)
3, 13, 19 (809)
3, 13, 20 (846)
3, 13, 21 (828)
3, 13, 22 (806)
3, 13, 23 (864)
3, 13, 24 (808)
3, 13, 25 (808)
3, 14, 15 (788)
3, 14, 16 (808)
3, 14, 17 (848)
3, 14, 18 (826)
3, 14, 19 (828)
3, 14, 20 (831)
3, 14, 21 (843)
3, 14, 22 (821)
3, 14, 23 (848)
3, 14, 24 (820)
3, 14, 25 (847)
3, 15, 16 (793)
3, 15, 17 (814)
3, 15, 18 (833)
3, 15, 19 (818)
3, 15, 20 (818)
3, 15, 21 (803)
3, 15, 22 (825)
3, 15, 23 (855)
3, 15, 24 (815)
3, 15, 25 (812)
3, 16, 17 (783)
3, 16, 18 (812)
3, 16, 19 (834)
3, 16, 20 (833)
3, 16, 21 (828)
3, 16, 22 (835)
3, 16, 23 (837)
3, 16, 24 (824)
3, 16, 25 (846)
3, 17, 18 (841)
3, 17, 19 (821)
3, 17, 20 (850)
3, 17, 21 (814)
3, 17, 22 (801)
3, 17, 23 (884)
3, 17, 24 (842)
3, 17, 25 (850)
3, 18, 19 (853)
3, 18, 20 (844)
3, 18, 21 (852)
3, 18, 22 (830)
3, 18, 23 (865)
3, 18, 24 (823)
3, 18, 25 (865)
3, 19, 20 (875)
3, 19, 21 (848)
3, 19, 22 (853)
3, 19, 23 (889)
3, 19, 24 (856)
3, 19, 25 (849)
3, 20, 21 (848)
3, 20, 22 (829)
3, 20, 23 (908)
3, 20, 24 (856)
3, 20, 25 (857)
3, 21, 22 (824)
3, 21, 23 (878)
3, 21, 24 (839)
3, 21, 25 (825)
3, 22, 23 (870)
3, 22, 24 (837)
3, 22, 25 (855)
3, 23, 24 (852)
3, 23, 25 (863)
3, 24, 25 (856)
4, 5, 6 (840)
4, 5, 7 (855)
4, 5, 8 (880)
4, 5, 9 (897)
4, 5, 10 (841)
4, 5, 11 (849)
4, 5, 12 (846)
4, 5, 13 (804)
4, 5, 14 (840)
4, 5, 15 (840)
4, 5, 16 (856)
4, 5, 17 (824)
4, 5, 18 (900)
4, 5, 19 (865)
4, 5, 20 (868)
4, 5, 21 (821)
4, 5, 22 (830)
4, 5, 23 (837)
4, 5, 24 (863)
4, 5, 25 (858)
4, 6, 7 (843)
4, 6, 8 (860)
4, 6, 9 (821)
4, 6, 10 (822)
4, 6, 11 (848)
4, 6, 12 (845)
4, 6, 13 (817)
4, 6, 14 (829)
4, 6, 15 (830)
4, 6, 16 (821)
4, 6, 17 (828)
4, 6, 18 (854)
4, 6, 19 (868)
4, 6, 20 (866)
4, 6, 21 (834)
4, 6, 22 (828)
4, 6, 23 (857)
4, 6, 24 (829)
4, 6, 25 (833)
4, 7, 8 (880)
4, 7, 9 (848)
4, 7, 10 (818)
4, 7, 11 (864)
4, 7, 12 (829)
4, 7, 13 (822)
4, 7, 14 (839)
4, 7, 15 (806)
4, 7, 16 (818)
4, 7, 17 (846)
4, 7, 18 (863)
4, 7, 19 (845)
4, 7, 20 (864)
4, 7, 21 (837)
4, 7, 22 (836)
4, 7, 23 (846)
4, 7, 24 (846)
4, 7, 25 (837)
4, 8, 9 (883)
4, 8, 10 (865)
4, 8, 11 (890)
4, 8, 12 (847)
4, 8, 13 (824)
4, 8, 14 (856)
4, 8, 15 (830)
4, 8, 16 (846)
4, 8, 17 (859)
4, 8, 18 (877)
4, 8, 19 (893)
4, 8, 20 (858)
4, 8, 21 (864)
4, 8, 22 (861)
4, 8, 23 (892)
4, 8, 24 (871)
4, 8, 25 (861)
4, 9, 10 (825)
4, 9, 11 (836)
4, 9, 12 (813)
4, 9, 13 (807)
4, 9, 14 (873)
4, 9, 15 (814)
4, 9, 16 (821)
4, 9, 17 (847)
4, 9, 18 (876)
4, 9, 19 (827)
4, 9, 20 (875)
4, 9, 21 (837)
4, 9, 22 (821)
4, 9, 23 (877)
4, 9, 24 (831)
4, 9, 25 (850)
4, 10, 11 (814)
4, 10, 12 (818)
4, 10, 13 (779)
4, 10, 14 (848)
4, 10, 15 (792)
4, 10, 16 (811)
4, 10, 17 (822)
4, 10, 18 (837)
4, 10, 19 (833)
4, 10, 20 (836)
4, 10, 21 (814)
4, 10, 22 (840)
4, 10, 23 (843)
4, 10, 24 (829)
4, 10, 25 (831)
4, 11, 12 (839)
4, 11, 13 (818)
4, 11, 14 (834)
4, 11, 15 (855)
4, 11, 16 (818)
4, 11, 17 (844)
4, 11, 18 (897)
4, 11, 19 (883)
4, 11, 20 (870)
4, 11, 21 (842)
4, 11, 22 (835)
4, 11, 23 (855)
4, 11, 24 (836)
4, 11, 25 (843)
4, 12, 13 (755)
4, 12, 14 (822)
4, 12, 15 (797)
4, 12, 16 (840)
4, 12, 17 (823)
4, 12, 18 (837)
4, 12, 19 (842)
4, 12, 20 (860)
4, 12, 21 (794)
4, 12, 22 (831)
4, 12, 23 (818)
4, 12, 24 (844)
4, 12, 25 (844)
4, 13, 14 (792)
4, 13, 15 (816)
4, 13, 16 (788)
4, 13, 17 (805)
4, 13, 18 (822)
4, 13, 19 (809)
4, 13, 20 (833)
4, 13, 21 (798)
4, 13, 22 (820)
4, 13, 23 (842)
4, 13, 24 (802)
4, 13, 25 (815)
4, 14, 15 (811)
4, 14, 16 (844)
4, 14, 17 (839)
4, 14, 18 (858)
4, 14, 19 (828)
4, 14, 20 (845)
4, 14, 21 (838)
4, 14, 22 (835)
4, 14, 23 (853)
4, 14, 24 (817)
4, 14, 25 (822)
4, 15, 16 (832)
4, 15, 17 (828)
4, 15, 18 (883)
4, 15, 19 (834)
4, 15, 20 (819)
4, 15, 21 (799)
4, 15, 22 (836)
4, 15, 23 (854)
4, 15, 24 (808)
4, 15, 25 (840)
4, 16, 17 (845)
4, 16, 18 (858)
4, 16, 19 (863)
4, 16, 20 (853)
4, 16, 21 (835)
4, 16, 22 (833)
4, 16, 23 (855)
4, 16, 24 (791)
4, 16, 25 (855)
4, 17, 18 (883)
4, 17, 19 (853)
4, 17, 20 (872)
4, 17, 21 (825)
4, 17, 22 (827)
4, 17, 23 (886)
4, 17, 24 (834)
4, 17, 25 (835)
4, 18, 19 (902)
4, 18, 20 (895)
4, 18, 21 (835)
4, 18, 22 (892)
4, 18, 23 (899)
4, 18, 24 (860)
4, 18, 25 (885)
4, 19, 20 (866)
4, 19, 21 (822)
4, 19, 22 (846)
4, 19, 23 (857)
4, 19, 24 (841)
4, 19, 25 (861)
4, 20, 21 (825)
4, 20, 22 (842)
4, 20, 23 (881)
4, 20, 24 (835)
4, 20, 25 (875)
4, 21, 22 (813)
4, 21, 23 (852)
4, 21, 24 (812)
4, 21, 25 (783)
4, 22, 23 (856)
4, 22, 24 (830)
4, 22, 25 (851)
4, 23, 24 (833)
4, 23, 25 (851)
4, 24, 25 (840)
5, 6, 7 (858)
5, 6, 8 (871)
5, 6, 9 (878)
5, 6, 10 (878)
5, 6, 11 (861)
5, 6, 12 (879)
5, 6, 13 (838)
5, 6, 14 (856)
5, 6, 15 (853)
5, 6, 16 (868)
5, 6, 17 (872)
5, 6, 18 (882)
5, 6, 19 (881)
5, 6, 20 (867)
5, 6, 21 (857)
5, 6, 22 (871)
5, 6, 23 (882)
5, 6, 24 (855)
5, 6, 25 (867)
5, 7, 8 (885)
5, 7, 9 (885)
5, 7, 10 (869)
5, 7, 11 (862)
5, 7, 12 (831)
5, 7, 13 (841)
5, 7, 14 (844)
5, 7, 15 (834)
5, 7, 16 (870)
5, 7, 17 (818)
5, 7, 18 (871)
5, 7, 19 (842)
5, 7, 20 (847)
5, 7, 21 (854)
5, 7, 22 (822)
5, 7, 23 (839)
5, 7, 24 (883)
5, 7, 25 (855)
5, 8, 9 (891)
5, 8, 10 (893)
5, 8, 11 (889)
5, 8, 12 (883)
5, 8, 13 (832)
5, 8, 14 (874)
5, 8, 15 (880)
5, 8, 16 (903)
5, 8, 17 (820)
5, 8, 18 (896)
5, 8, 19 (910)
5, 8, 20 (861)
5, 8, 21 (898)
5, 8, 22 (868)
5, 8, 23 (853)
5, 8, 24 (900)
5, 8, 25 (861)
5, 9, 10 (879)
5, 9, 11 (871)
5, 9, 12 (872)
5, 9, 13 (840)
5, 9, 14 (873)
5, 9, 15 (886)
5, 9, 16 (867)
5, 9, 17 (871)
5, 9, 18 (922)
5, 9, 19 (863)
5, 9, 20 (885)
5, 9, 21 (877)
5, 9, 22 (871)
5, 9, 23 (866)
5, 9, 24 (874)
5, 9, 25 (901)
5, 10, 11 (867)
5, 10, 12 (875)
5, 10, 13 (814)
5, 10, 14 (880)
5, 10, 15 (835)
5, 10, 16 (885)
5, 10, 17 (853)
5, 10, 18 (883)
5, 10, 19 (866)
5, 10, 20 (856)
5, 10, 21 (849)
5, 10, 22 (841)
5, 10, 23 (854)
5, 10, 24 (890)
5, 10, 25 (857)
5, 11, 12 (886)
5, 11, 13 (806)
5, 11, 14 (840)
5, 11, 15 (863)
5, 11, 16 (856)
5, 11, 17 (805)
5, 11, 18 (894)
5, 11, 19 (908)
5, 11, 20 (853)
5, 11, 21 (877)
5, 11, 22 (840)
5, 11, 23 (859)
5, 11, 24 (842)
5, 11, 25 (851)
5, 12, 13 (798)
5, 12, 14 (859)
5, 12, 15 (849)
5, 12, 16 (886)
5, 12, 17 (810)
5, 12, 18 (849)
5, 12, 19 (867)
5, 12, 20 (875)
5, 12, 21 (827)
5, 12, 22 (861)
5, 12, 23 (845)
5, 12, 24 (855)
5, 12, 25 (862)
5, 13, 14 (823)
5, 13, 15 (812)
5, 13, 16 (827)
5, 13, 17 (774)
5, 13, 18 (860)
5, 13, 19 (826)
5, 13, 20 (847)
5, 13, 21 (808)
5, 13, 22 (836)
5, 13, 23 (851)
5, 13, 24 (830)
5, 13, 25 (810)
5, 14, 15 (852)
5, 14, 16 (882)
5, 14, 17 (840)
5, 14, 18 (896)
5, 14, 19 (847)
5, 14, 20 (832)
5, 14, 21 (848)
5, 14, 22 (854)
5, 14, 23 (852)
5, 14, 24 (841)
5, 14, 25 (844)
5, 15, 16 (884)
5, 15, 17 (833)
5, 15, 18 (894)
5, 15, 19 (840)
5, 15, 20 (847)
5, 15, 21 (842)
5, 15, 22 (852)
5, 15, 23 (831)
5, 15, 24 (839)
5, 15, 25 (846)
5, 16, 17 (837)
5, 16, 18 (880)
5, 16, 19 (888)
5, 16, 20 (876)
5, 16, 21 (887)
5, 16, 22 (900)
5, 16, 23 (883)
5, 16, 24 (860)
5, 16, 25 (884)
5, 17, 18 (838)
5, 17, 19 (838)
5, 17, 20 (834)
5, 17, 21 (837)
5, 17, 22 (801)
5, 17, 23 (832)
5, 17, 24 (837)
5, 17, 25 (832)
5, 18, 19 (892)
5, 18, 20 (875)
5, 18, 21 (885)
5, 18, 22 (887)
5, 18, 23 (879)
5, 18, 24 (874)
5, 18, 25 (901)
5, 19, 20 (878)
5, 19, 21 (861)
5, 19, 22 (861)
5, 19, 23 (862)
5, 19, 24 (849)
5, 19, 25 (869)
5, 20, 21 (818)
5, 20, 22 (844)
5, 20, 23 (871)
5, 20, 24 (851)
5, 20, 25 (846)
5, 21, 22 (821)
5, 21, 23 (847)
5, 21, 24 (854)
5, 21, 25 (822)
5, 22, 23 (856)
5, 22, 24 (850)
5, 22, 25 (854)
5, 23, 24 (856)
5, 23, 25 (828)
5, 24, 25 (862)
6, 7, 8 (886)
6, 7, 9 (851)
6, 7, 10 (856)
6, 7, 11 (879)
6, 7, 12 (862)
6, 7, 13 (838)
6, 7, 14 (829)
6, 7, 15 (838)
6, 7, 16 (843)
6, 7, 17 (871)
6, 7, 18 (857)
6, 7, 19 (861)
6, 7, 20 (846)
6, 7, 21 (867)
6, 7, 22 (844)
6, 7, 23 (870)
6, 7, 24 (870)
6, 7, 25 (842)
6, 8, 9 (894)
6, 8, 10 (858)
6, 8, 11 (885)
6, 8, 12 (876)
6, 8, 13 (815)
6, 8, 14 (837)
6, 8, 15 (843)
6, 8, 16 (865)
6, 8, 17 (855)
6, 8, 18 (880)
6, 8, 19 (864)
6, 8, 20 (846)
6, 8, 21 (885)
6, 8, 22 (844)
6, 8, 23 (857)
6, 8, 24 (873)
6, 8, 25 (833)
6, 9, 10 (831)
6, 9, 11 (853)
6, 9, 12 (848)
6, 9, 13 (817)
6, 9, 14 (839)
6, 9, 15 (852)
6, 9, 16 (818)
6, 9, 17 (842)
6, 9, 18 (880)
6, 9, 19 (853)
6, 9, 20 (848)
6, 9, 21 (892)
6, 9, 22 (812)
6, 9, 23 (881)
6, 9, 24 (842)
6, 9, 25 (845)
6, 10, 11 (838)
6, 10, 12 (875)
6, 10, 13 (811)
6, 10, 14 (841)
6, 10, 15 (796)
6, 10, 16 (835)
6, 10, 17 (855)
6, 10, 18 (871)
6, 10, 19 (850)
6, 10, 20 (840)
6, 10, 21 (858)
6, 10, 22 (825)
6, 10, 23 (839)
6, 10, 24 (832)
6, 10, 25 (834)
6, 11, 12 (906)
6, 11, 13 (834)
6, 11, 14 (857)
6, 11, 15 (842)
6, 11, 16 (834)
6, 11, 17 (850)
6, 11, 18 (897)
6, 11, 19 (889)
6, 11, 20 (848)
6, 11, 21 (870)
6, 11, 22 (832)
6, 11, 23 (880)
6, 11, 24 (842)
6, 11, 25 (854)
6, 12, 13 (808)
6, 12, 14 (836)
6, 12, 15 (851)
6, 12, 16 (882)
6, 12, 17 (859)
6, 12, 18 (860)
6, 12, 19 (865)
6, 12, 20 (884)
6, 12, 21 (861)
6, 12, 22 (849)
6, 12, 23 (868)
6, 12, 24 (868)
6, 12, 25 (857)
6, 13, 14 (796)
6, 13, 15 (810)
6, 13, 16 (799)
6, 13, 17 (830)
6, 13, 18 (845)
6, 13, 19 (840)
6, 13, 20 (860)
6, 13, 21 (846)
6, 13, 22 (797)
6, 13, 23 (868)
6, 13, 24 (786)
6, 13, 25 (811)
6, 14, 15 (801)
6, 14, 16 (831)
6, 14, 17 (836)
6, 14, 18 (864)
6, 14, 19 (843)
6, 14, 20 (812)
6, 14, 21 (864)
6, 14, 22 (808)
6, 14, 23 (830)
6, 14, 24 (810)
6, 14, 25 (836)
6, 15, 16 (845)
6, 15, 17 (842)
6, 15, 18 (864)
6, 15, 19 (873)
6, 15, 20 (815)
6, 15, 21 (845)
6, 15, 22 (817)
6, 15, 23 (850)
6, 15, 24 (819)
6, 15, 25 (846)
6, 16, 17 (821)
6, 16, 18 (850)
6, 16, 19 (844)
6, 16, 20 (851)
6, 16, 21 (855)
6, 16, 22 (838)
6, 16, 23 (865)
6, 16, 24 (813)
6, 16, 25 (838)
6, 17, 18 (867)
6, 17, 19 (868)
6, 17, 20 (852)
6, 17, 21 (856)
6, 17, 22 (816)
6, 17, 23 (881)
6, 17, 24 (846)
6, 17, 25 (829)
6, 18, 19 (873)
6, 18, 20 (872)
6, 18, 21 (885)
6, 18, 22 (854)
6, 18, 23 (891)
6, 18, 24 (825)
6, 18, 25 (860)
6, 19, 20 (864)
6, 19, 21 (872)
6, 19, 22 (870)
6, 19, 23 (877)
6, 19, 24 (836)
6, 19, 25 (871)
6, 20, 21 (858)
6, 20, 22 (812)
6, 20, 23 (876)
6, 20, 24 (836)
6, 20, 25 (837)
6, 21, 22 (814)
6, 21, 23 (863)
6, 21, 24 (837)
6, 21, 25 (845)
6, 22, 23 (825)
6, 22, 24 (813)
6, 22, 25 (848)
6, 23, 24 (838)
6, 23, 25 (861)
6, 24, 25 (827)
7, 8, 9 (892)
7, 8, 10 (871)
7, 8, 11 (918)
7, 8, 12 (882)
7, 8, 13 (863)
7, 8, 14 (862)
7, 8, 15 (846)
7, 8, 16 (884)
7, 8, 17 (871)
7, 8, 18 (880)
7, 8, 19 (886)
7, 8, 20 (898)
7, 8, 21 (894)
7, 8, 22 (866)
7, 8, 23 (885)
7, 8, 24 (930)
7, 8, 25 (883)
7, 9, 10 (864)
7, 9, 11 (877)
7, 9, 12 (838)
7, 9, 13 (836)
7, 9, 14 (865)
7, 9, 15 (831)
7, 9, 16 (838)
7, 9, 17 (843)
7, 9, 18 (879)
7, 9, 19 (827)
7, 9, 20 (853)
7, 9, 21 (888)
7, 9, 22 (837)
7, 9, 23 (882)
7, 9, 24 (886)
7, 9, 25 (871)
7, 10, 11 (855)
7, 10, 12 (832)
7, 10, 13 (828)
7, 10, 14 (869)
7, 10, 15 (796)
7, 10, 16 (853)
7, 10, 17 (841)
7, 10, 18 (857)
7, 10, 19 (859)
7, 10, 20 (844)
7, 10, 21 (874)
7, 10, 22 (837)
7, 10, 23 (869)
7, 10, 24 (850)
7, 10, 25 (828)
7, 11, 12 (876)
7, 11, 13 (873)
7, 11, 14 (882)
7, 11, 15 (834)
7, 11, 16 (862)
7, 11, 17 (851)
7, 11, 18 (886)
7, 11, 19 (898)
7, 11, 20 (895)
7, 11, 21 (910)
7, 11, 22 (846)
7, 11, 23 (908)
7, 11, 24 (877)
7, 11, 25 (867)
7, 12, 13 (810)
7, 12, 14 (822)
7, 12, 15 (807)
7, 12, 16 (851)
7, 12, 17 (853)
7, 12, 18 (834)
7, 12, 19 (860)
7, 12, 20 (866)
7, 12, 21 (846)
7, 12, 22 (836)
7, 12, 23 (827)
7, 12, 24 (870)
7, 12, 25 (874)
7, 13, 14 (833)
7, 13, 15 (825)
7, 13, 16 (816)
7, 13, 17 (830)
7, 13, 18 (865)
7, 13, 19 (834)
7, 13, 20 (861)
7, 13, 21 (844)
7, 13, 22 (831)
7, 13, 23 (881)
7, 13, 24 (829)
7, 13, 25 (819)
7, 14, 15 (802)
7, 14, 16 (870)
7, 14, 17 (862)
7, 14, 18 (851)
7, 14, 19 (824)
7, 14, 20 (815)
7, 14, 21 (856)
7, 14, 22 (842)
7, 14, 23 (830)
7, 14, 24 (857)
7, 14, 25 (846)
7, 15, 16 (848)
7, 15, 17 (818)
7, 15, 18 (837)
7, 15, 19 (829)
7, 15, 20 (818)
7, 15, 21 (841)
7, 15, 22 (811)
7, 15, 23 (844)
7, 15, 24 (836)
7, 15, 25 (810)
7, 16, 17 (835)
7, 16, 18 (832)
7, 16, 19 (843)
7, 16, 20 (859)
7, 16, 21 (883)
7, 16, 22 (838)
7, 16, 23 (852)
7, 16, 24 (856)
7, 16, 25 (856)
7, 17, 18 (852)
7, 17, 19 (849)
7, 17, 20 (856)
7, 17, 21 (874)
7, 17, 22 (834)
7, 17, 23 (876)
7, 17, 24 (845)
7, 17, 25 (841)
7, 18, 19 (838)
7, 18, 20 (860)
7, 18, 21 (858)
7, 18, 22 (850)
7, 18, 23 (896)
7, 18, 24 (876)
7, 18, 25 (862)
7, 19, 20 (840)
7, 19, 21 (852)
7, 19, 22 (840)
7, 19, 23 (869)
7, 19, 24 (843)
7, 19, 25 (850)
7, 20, 21 (862)
7, 20, 22 (847)
7, 20, 23 (880)
7, 20, 24 (853)
7, 20, 25 (880)
7, 21, 22 (847)
7, 21, 23 (871)
7, 21, 24 (878)
7, 21, 25 (841)
7, 22, 23 (858)
7, 22, 24 (850)
7, 22, 25 (847)
7, 23, 24 (858)
7, 23, 25 (847)
7, 24, 25 (876)
8, 9, 10 (881)
8, 9, 11 (900)
8, 9, 12 (889)
8, 9, 13 (844)
8, 9, 14 (857)
8, 9, 15 (852)
8, 9, 16 (850)
8, 9, 17 (879)
8, 9, 18 (892)
8, 9, 19 (876)
8, 9, 20 (868)
8, 9, 21 (905)
8, 9, 22 (853)
8, 9, 23 (903)
8, 9, 24 (908)
8, 9, 25 (899)
8, 10, 11 (861)
8, 10, 12 (871)
8, 10, 13 (819)
8, 10, 14 (885)
8, 10, 15 (817)
8, 10, 16 (857)
8, 10, 17 (877)
8, 10, 18 (862)
8, 10, 19 (865)
8, 10, 20 (867)
8, 10, 21 (903)
8, 10, 22 (850)
8, 10, 23 (899)
8, 10, 24 (881)
8, 10, 25 (861)
8, 11, 12 (897)
8, 11, 13 (831)
8, 11, 14 (855)
8, 11, 15 (882)
8, 11, 16 (854)
8, 11, 17 (873)
8, 11, 18 (883)
8, 11, 19 (927)
8, 11, 20 (853)
8, 11, 21 (919)
8, 11, 22 (865)
8, 11, 23 (881)
8, 11, 24 (900)
8, 11, 25 (864)
8, 12, 13 (798)
8, 12, 14 (847)
8, 12, 15 (828)
8, 12, 16 (883)
8, 12, 17 (854)
8, 12, 18 (850)
8, 12, 19 (869)
8, 12, 20 (853)
8, 12, 21 (853)
8, 12, 22 (865)
8, 12, 23 (847)
8, 12, 24 (886)
8, 12, 25 (862)
8, 13, 14 (805)
8, 13, 15 (798)
8, 13, 16 (812)
8, 13, 17 (823)
8, 13, 18 (856)
8, 13, 19 (864)
8, 13, 20 (837)
8, 13, 21 (848)
8, 13, 22 (840)
8, 13, 23 (857)
8, 13, 24 (825)
8, 13, 25 (810)
8, 14, 15 (833)
8, 14, 16 (871)
8, 14, 17 (859)
8, 14, 18 (862)
8, 14, 19 (872)
8, 14, 20 (827)
8, 14, 21 (886)
8, 14, 22 (861)
8, 14, 23 (864)
8, 14, 24 (865)
8, 14, 25 (856)
8, 15, 16 (860)
8, 15, 17 (842)
8, 15, 18 (873)
8, 15, 19 (860)
8, 15, 20 (816)
8, 15, 21 (860)
8, 15, 22 (837)
8, 15, 23 (853)
8, 15, 24 (864)
8, 15, 25 (846)
8, 16, 17 (857)
8, 16, 18 (855)
8, 16, 19 (898)
8, 16, 20 (844)
8, 16, 21 (891)
8, 16, 22 (850)
8, 16, 23 (872)
8, 16, 24 (889)
8, 16, 25 (868)
8, 17, 18 (873)
8, 17, 19 (867)
8, 17, 20 (871)
8, 17, 21 (871)
8, 17, 22 (828)
8, 17, 23 (896)
8, 17, 24 (874)
8, 17, 25 (850)
8, 18, 19 (877)
8, 18, 20 (874)
8, 18, 21 (879)
8, 18, 22 (863)
8, 18, 23 (888)
8, 18, 24 (885)
8, 18, 25 (880)
8, 19, 20 (885)
8, 19, 21 (902)
8, 19, 22 (895)
8, 19, 23 (860)
8, 19, 24 (888)
8, 19, 25 (874)
8, 20, 21 (858)
8, 20, 22 (841)
8, 20, 23 (882)
8, 20, 24 (866)
8, 20, 25 (838)
8, 21, 22 (875)
8, 21, 23 (886)
8, 21, 24 (895)
8, 21, 25 (858)
8, 22, 23 (868)
8, 22, 24 (896)
8, 22, 25 (858)
8, 23, 24 (888)
8, 23, 25 (877)
8, 24, 25 (890)
9, 10, 11 (831)
9, 10, 12 (846)
9, 10, 13 (809)
9, 10, 14 (878)
9, 10, 15 (832)
9, 10, 16 (839)
9, 10, 17 (840)
9, 10, 18 (864)
9, 10, 19 (798)
9, 10, 20 (834)
9, 10, 21 (859)
9, 10, 22 (813)
9, 10, 23 (862)
9, 10, 24 (841)
9, 10, 25 (837)
9, 11, 12 (860)
9, 11, 13 (830)
9, 11, 14 (842)
9, 11, 15 (863)
9, 11, 16 (811)
9, 11, 17 (843)
9, 11, 18 (888)
9, 11, 19 (854)
9, 11, 20 (863)
9, 11, 21 (886)
9, 11, 22 (818)
9, 11, 23 (879)
9, 11, 24 (849)
9, 11, 25 (861)
9, 12, 13 (792)
9, 12, 14 (824)
9, 12, 15 (836)
9, 12, 16 (833)
9, 12, 17 (831)
9, 12, 18 (846)
9, 12, 19 (826)
9, 12, 20 (859)
9, 12, 21 (838)
9, 12, 22 (833)
9, 12, 23 (822)
9, 12, 24 (855)
9, 12, 25 (873)
9, 13, 14 (827)
9, 13, 15 (826)
9, 13, 16 (786)
9, 13, 17 (824)
9, 13, 18 (857)
9, 13, 19 (803)
9, 13, 20 (839)
9, 13, 21 (822)
9, 13, 22 (822)
9, 13, 23 (859)
9, 13, 24 (824)
9, 13, 25 (829)
9, 14, 15 (835)
9, 14, 16 (818)
9, 14, 17 (850)
9, 14, 18 (870)
9, 14, 19 (826)
9, 14, 20 (840)
9, 14, 21 (879)
9, 14, 22 (828)
9, 14, 23 (878)
9, 14, 24 (842)
9, 14, 25 (860)
9, 15, 16 (851)
9, 15, 17 (834)
9, 15, 18 (874)
9, 15, 19 (815)
9, 15, 20 (823)
9, 15, 21 (863)
9, 15, 22 (824)
9, 15, 23 (858)
9, 15, 24 (867)
9, 15, 25 (855)
9, 16, 17 (816)
9, 16, 18 (828)
9, 16, 19 (828)
9, 16, 20 (826)
9, 16, 21 (849)
9, 16, 22 (807)
9, 16, 23 (855)
9, 16, 24 (798)
9, 16, 25 (847)
9, 17, 18 (888)
9, 17, 19 (829)
9, 17, 20 (863)
9, 17, 21 (871)
9, 17, 22 (808)
9, 17, 23 (889)
9, 17, 24 (851)
9, 17, 25 (867)
9, 18, 19 (840)
9, 18, 20 (880)
9, 18, 21 (878)
9, 18, 22 (850)
9, 18, 23 (897)
9, 18, 24 (866)
9, 18, 25 (882)
9, 19, 20 (845)
9, 19, 21 (852)
9, 19, 22 (820)
9, 19, 23 (851)
9, 19, 24 (840)
9, 19, 25 (844)
9, 20, 21 (845)
9, 20, 22 (801)
9, 20, 23 (888)
9, 20, 24 (838)
9, 20, 25 (869)
9, 21, 22 (845)
9, 21, 23 (881)
9, 21, 24 (849)
9, 21, 25 (845)
9, 22, 23 (828)
9, 22, 24 (849)
9, 22, 25 (827)
9, 23, 24 (870)
9, 23, 25 (864)
9, 24, 25 (855)
10, 11, 12 (859)
10, 11, 13 (799)
10, 11, 14 (859)
10, 11, 15 (834)
10, 11, 16 (804)
10, 11, 17 (844)
10, 11, 18 (843)
10, 11, 19 (873)
10, 11, 20 (819)
10, 11, 21 (877)
10, 11, 22 (817)
10, 11, 23 (847)
10, 11, 24 (836)
10, 11, 25 (820)
10, 12, 13 (789)
10, 12, 14 (868)
10, 12, 15 (819)
10, 12, 16 (883)
10, 12, 17 (867)
10, 12, 18 (838)
10, 12, 19 (862)
10, 12, 20 (895)
10, 12, 21 (853)
10, 12, 22 (849)
10, 12, 23 (860)
10, 12, 24 (848)
10, 12, 25 (875)
10, 13, 14 (837)
10, 13, 15 (785)
10, 13, 16 (820)
10, 13, 17 (808)
10, 13, 18 (824)
10, 13, 19 (811)
10, 13, 20 (838)
10, 13, 21 (806)
10, 13, 22 (793)
10, 13, 23 (857)
10, 13, 24 (815)
10, 13, 25 (785)
10, 14, 15 (828)
10, 14, 16 (862)
10, 14, 17 (856)
10, 14, 18 (882)
10, 14, 19 (869)
10, 14, 20 (861)
10, 14, 21 (873)
10, 14, 22 (847)
10, 14, 23 (869)
10, 14, 24 (847)
10, 14, 25 (860)
10, 15, 16 (831)
10, 15, 17 (814)
10, 15, 18 (858)
10, 15, 19 (811)
10, 15, 20 (805)
10, 15, 21 (809)
10, 15, 22 (810)
10, 15, 23 (834)
10, 15, 24 (799)
10, 15, 25 (803)
10, 16, 17 (831)
10, 16, 18 (853)
10, 16, 19 (881)
10, 16, 20 (851)
10, 16, 21 (876)
10, 16, 22 (830)
10, 16, 23 (867)
10, 16, 24 (844)
10, 16, 25 (848)
10, 17, 18 (860)
10, 17, 19 (855)
10, 17, 20 (857)
10, 17, 21 (862)
10, 17, 22 (822)
10, 17, 23 (873)
10, 17, 24 (860)
10, 17, 25 (846)
10, 18, 19 (844)
10, 18, 20 (853)
10, 18, 21 (877)
10, 18, 22 (848)
10, 18, 23 (875)
10, 18, 24 (853)
10, 18, 25 (847)
10, 19, 20 (851)
10, 19, 21 (841)
10, 19, 22 (853)
10, 19, 23 (850)
10, 19, 24 (850)
10, 19, 25 (864)
10, 20, 21 (837)
10, 20, 22 (817)
10, 20, 23 (873)
10, 20, 24 (862)
10, 20, 25 (838)
10, 21, 22 (824)
10, 21, 23 (856)
10, 21, 24 (841)
10, 21, 25 (801)
10, 22, 23 (857)
10, 22, 24 (838)
10, 22, 25 (822)
10, 23, 24 (865)
10, 23, 25 (840)
10, 24, 25 (840)
11, 12, 13 (786)
11, 12, 14 (834)
11, 12, 15 (832)
11, 12, 16 (868)
11, 12, 17 (828)
11, 12, 18 (861)
11, 12, 19 (883)
11, 12, 20 (886)
11, 12, 21 (878)
11, 12, 22 (836)
11, 12, 23 (844)
11, 12, 24 (863)
11, 12, 25 (890)
11, 13, 14 (788)
11, 13, 15 (824)
11, 13, 16 (778)
11, 13, 17 (794)
11, 13, 18 (858)
11, 13, 19 (869)
11, 13, 20 (822)
11, 13, 21 (829)
11, 13, 22 (810)
11, 13, 23 (858)
11, 13, 24 (806)
11, 13, 25 (793)
11, 14, 15 (827)
11, 14, 16 (839)
11, 14, 17 (829)
11, 14, 18 (849)
11, 14, 19 (838)
11, 14, 20 (825)
11, 14, 21 (885)
11, 14, 22 (799)
11, 14, 23 (843)
11, 14, 24 (804)
11, 14, 25 (818)
11, 15, 16 (856)
11, 15, 17 (867)
11, 15, 18 (897)
11, 15, 19 (874)
11, 15, 20 (856)
11, 15, 21 (877)
11, 15, 22 (832)
11, 15, 23 (882)
11, 15, 24 (849)
11, 15, 25 (844)
11, 16, 17 (813)
11, 16, 18 (837)
11, 16, 19 (874)
11, 16, 20 (845)
11, 16, 21 (869)
11, 16, 22 (818)
11, 16, 23 (863)
11, 16, 24 (846)
11, 16, 25 (841)
11, 17, 18 (854)
11, 17, 19 (865)
11, 17, 20 (859)
11, 17, 21 (873)
11, 17, 22 (799)
11, 17, 23 (882)
11, 17, 24 (829)
11, 17, 25 (842)
11, 18, 19 (918)
11, 18, 20 (879)
11, 18, 21 (884)
11, 18, 22 (859)
11, 18, 23 (898)
11, 18, 24 (867)
11, 18, 25 (859)
11, 19, 20 (898)
11, 19, 21 (903)
11, 19, 22 (871)
11, 19, 23 (908)
11, 19, 24 (874)
11, 19, 25 (871)
11, 20, 21 (858)
11, 20, 22 (834)
11, 20, 23 (895)
11, 20, 24 (845)
11, 20, 25 (860)
11, 21, 22 (817)
11, 21, 23 (876)
11, 21, 24 (864)
11, 21, 25 (866)
11, 22, 23 (845)
11, 22, 24 (818)
11, 22, 25 (844)
11, 23, 24 (876)
11, 23, 25 (845)
11, 24, 25 (847)
12, 13, 14 (772)
12, 13, 15 (761)
12, 13, 16 (789)
12, 13, 17 (784)
12, 13, 18 (801)
12, 13, 19 (802)
12, 13, 20 (835)
12, 13, 21 (788)
12, 13, 22 (803)
12, 13, 23 (819)
12, 13, 24 (790)
12, 13, 25 (780)
12, 14, 15 (817)
12, 14, 16 (852)
12, 14, 17 (838)
12, 14, 18 (820)
12, 14, 19 (827)
12, 14, 20 (848)
12, 14, 21 (829)
12, 14, 22 (835)
12, 14, 23 (839)
12, 14, 24 (810)
12, 14, 25 (813)
12, 15, 16 (873)
12, 15, 17 (838)
12, 15, 18 (851)
12, 15, 19 (818)
12, 15, 20 (837)
12, 15, 21 (824)
12, 15, 22 (832)
12, 15, 23 (836)
12, 15, 24 (844)
12, 15, 25 (828)
12, 16, 17 (839)
12, 16, 18 (838)
12, 16, 19 (877)
12, 16, 20 (881)
12, 16, 21 (846)
12, 16, 22 (863)
12, 16, 23 (870)
12, 16, 24 (857)
12, 16, 25 (881)
12, 17, 18 (816)
12, 17, 19 (846)
12, 17, 20 (854)
12, 17, 21 (830)
12, 17, 22 (817)
12, 17, 23 (865)
12, 17, 24 (855)
12, 17, 25 (835)
12, 18, 19 (827)
12, 18, 20 (875)
12, 18, 21 (829)
12, 18, 22 (846)
12, 18, 23 (857)
12, 18, 24 (857)
12, 18, 25 (862)
12, 19, 20 (869)
12, 19, 21 (829)
12, 19, 22 (847)
12, 19, 23 (841)
12, 19, 24 (855)
12, 19, 25 (843)
12, 20, 21 (854)
12, 20, 22 (857)
12, 20, 23 (866)
12, 20, 24 (869)
12, 20, 25 (854)
12, 21, 22 (810)
12, 21, 23 (812)
12, 21, 24 (831)
12, 21, 25 (813)
12, 22, 23 (835)
12, 22, 24 (857)
12, 22, 25 (864)
12, 23, 24 (854)
12, 23, 25 (862)
12, 24, 25 (859)
13, 14, 15 (795)
13, 14, 16 (803)
13, 14, 17 (801)
13, 14, 18 (833)
13, 14, 19 (821)
13, 14, 20 (793)
13, 14, 21 (823)
13, 14, 22 (823)
13, 14, 23 (847)
13, 14, 24 (785)
13, 14, 25 (795)
13, 15, 16 (798)
13, 15, 17 (812)
13, 15, 18 (835)
13, 15, 19 (825)
13, 15, 20 (832)
13, 15, 21 (790)
13, 15, 22 (806)
13, 15, 23 (850)
13, 15, 24 (791)
13, 15, 25 (791)
13, 16, 17 (770)
13, 16, 18 (801)
13, 16, 19 (825)
13, 16, 20 (827)
13, 16, 21 (815)
13, 16, 22 (813)
13, 16, 23 (838)
13, 16, 24 (791)
13, 16, 25 (786)
13, 17, 18 (847)
13, 17, 19 (818)
13, 17, 20 (842)
13, 17, 21 (811)
13, 17, 22 (777)
13, 17, 23 (895)
13, 17, 24 (794)
13, 17, 25 (805)
13, 18, 19 (848)
13, 18, 20 (854)
13, 18, 21 (851)
13, 18, 22 (839)
13, 18, 23 (887)
13, 18, 24 (843)
13, 18, 25 (827)
13, 19, 20 (848)
13, 19, 21 (852)
13, 19, 22 (821)
13, 19, 23 (870)
13, 19, 24 (816)
13, 19, 25 (823)
13, 20, 21 (829)
13, 20, 22 (817)
13, 20, 23 (896)
13, 20, 24 (806)
13, 20, 25 (826)
13, 21, 22 (812)
13, 21, 23 (869)
13, 21, 24 (806)
13, 21, 25 (771)
13, 22, 23 (853)
13, 22, 24 (810)
13, 22, 25 (836)
13, 23, 24 (830)
13, 23, 25 (827)
13, 24, 25 (804)
14, 15, 16 (841)
14, 15, 17 (840)
14, 15, 18 (857)
14, 15, 19 (812)
14, 15, 20 (812)
14, 15, 21 (826)
14, 15, 22 (817)
14, 15, 23 (828)
14, 15, 24 (806)
14, 15, 25 (799)
14, 16, 17 (844)
14, 16, 18 (856)
14, 16, 19 (864)
14, 16, 20 (837)
14, 16, 21 (862)
14, 16, 22 (848)
14, 16, 23 (879)
14, 16, 24 (833)
14, 16, 25 (858)
14, 17, 18 (857)
14, 17, 19 (844)
14, 17, 20 (861)
14, 17, 21 (861)
14, 17, 22 (815)
14, 17, 23 (887)
14, 17, 24 (854)
14, 17, 25 (850)
14, 18, 19 (861)
14, 18, 20 (859)
14, 18, 21 (877)
14, 18, 22 (853)
14, 18, 23 (893)
14, 18, 24 (848)
14, 18, 25 (857)
14, 19, 20 (828)
14, 19, 21 (853)
14, 19, 22 (833)
14, 19, 23 (836)
14, 19, 24 (813)
14, 19, 25 (836)
14, 20, 21 (820)
14, 20, 22 (813)
14, 20, 23 (842)
14, 20, 24 (804)
14, 20, 25 (826)
14, 21, 22 (837)
14, 21, 23 (847)
14, 21, 24 (824)
14, 21, 25 (828)
14, 22, 23 (851)
14, 22, 24 (837)
14, 22, 25 (854)
14, 23, 24 (838)
14, 23, 25 (850)
14, 24, 25 (827)
15, 16, 17 (828)
15, 16, 18 (854)
15, 16, 19 (866)
15, 16, 20 (829)
15, 16, 21 (870)
15, 16, 22 (861)
15, 16, 23 (881)
15, 16, 24 (835)
15, 16, 25 (868)
15, 17, 18 (888)
15, 17, 19 (851)
15, 17, 20 (826)
15, 17, 21 (842)
15, 17, 22 (828)
15, 17, 23 (884)
15, 17, 24 (876)
15, 17, 25 (837)
15, 18, 19 (869)
15, 18, 20 (850)
15, 18, 21 (861)
15, 18, 22 (868)
15, 18, 23 (861)
15, 18, 24 (840)
15, 18, 25 (848)
15, 19, 20 (837)
15, 19, 21 (840)
15, 19, 22 (858)
15, 19, 23 (872)
15, 19, 24 (845)
15, 19, 25 (853)
15, 20, 21 (825)
15, 20, 22 (809)
15, 20, 23 (859)
15, 20, 24 (818)
15, 20, 25 (828)
15, 21, 22 (823)
15, 21, 23 (861)
15, 21, 24 (829)
15, 21, 25 (814)
15, 22, 23 (866)
15, 22, 24 (823)
15, 22, 25 (824)
15, 23, 24 (849)
15, 23, 25 (833)
15, 24, 25 (844)
16, 17, 18 (851)
16, 17, 19 (855)
16, 17, 20 (832)
16, 17, 21 (841)
16, 17, 22 (823)
16, 17, 23 (867)
16, 17, 24 (815)
16, 17, 25 (829)
16, 18, 19 (856)
16, 18, 20 (847)
16, 18, 21 (853)
16, 18, 22 (848)
16, 18, 23 (875)
16, 18, 24 (838)
16, 18, 25 (867)
16, 19, 20 (889)
16, 19, 21 (876)
16, 19, 22 (890)
16, 19, 23 (885)
16, 19, 24 (859)
16, 19, 25 (887)
16, 20, 21 (872)
16, 20, 22 (842)
16, 20, 23 (886)
16, 20, 24 (831)
16, 20, 25 (872)
16, 21, 22 (845)
16, 21, 23 (875)
16, 21, 24 (854)
16, 21, 25 (863)
16, 22, 23 (883)
16, 22, 24 (832)
16, 22, 25 (883)
16, 23, 24 (869)
16, 23, 25 (873)
16, 24, 25 (864)
17, 18, 19 (873)
17, 18, 20 (891)
17, 18, 21 (857)
17, 18, 22 (845)
17, 18, 23 (893)
17, 18, 24 (864)
17, 18, 25 (864)
17, 19, 20 (867)
17, 19, 21 (846)
17, 19, 22 (846)
17, 19, 23 (866)
17, 19, 24 (828)
17, 19, 25 (830)
17, 20, 21 (863)
17, 20, 22 (814)
17, 20, 23 (934)
17, 20, 24 (859)
17, 20, 25 (835)
17, 21, 22 (828)
17, 21, 23 (887)
17, 21, 24 (861)
17, 21, 25 (797)
17, 22, 23 (853)
17, 22, 24 (823)
17, 22, 25 (813)
17, 23, 24 (861)
17, 23, 25 (874)
17, 24, 25 (857)
18, 19, 20 (873)
18, 19, 21 (866)
18, 19, 22 (859)
18, 19, 23 (902)
18, 19, 24 (867)
18, 19, 25 (876)
18, 20, 21 (849)
18, 20, 22 (855)
18, 20, 23 (886)
18, 20, 24 (860)
18, 20, 25 (883)
18, 21, 22 (850)
18, 21, 23 (897)
18, 21, 24 (850)
18, 21, 25 (839)
18, 22, 23 (860)
18, 22, 24 (839)
18, 22, 25 (890)
18, 23, 24 (883)
18, 23, 25 (872)
18, 24, 25 (859)
19, 20, 21 (861)
19, 20, 22 (847)
19, 20, 23 (888)
19, 20, 24 (855)
19, 20, 25 (870)
19, 21, 22 (845)
19, 21, 23 (868)
19, 21, 24 (859)
19, 21, 25 (830)
19, 22, 23 (874)
19, 22, 24 (838)
19, 22, 25 (870)
19, 23, 24 (858)
19, 23, 25 (848)
19, 24, 25 (861)
20, 21, 22 (818)
20, 21, 23 (878)
20, 21, 24 (814)
20, 21, 25 (814)
20, 22, 23 (853)
20, 22, 24 (841)
20, 22, 25 (848)
20, 23, 24 (845)
20, 23, 25 (879)
20, 24, 25 (852)
21, 22, 23 (819)
21, 22, 24 (816)
21, 22, 25 (800)
21, 23, 24 (837)
21, 23, 25 (819)
21, 24, 25 (831)
22, 23, 24 (830)
22, 23, 25 (833)
22, 24, 25 (863)
23, 24, 25 (814)
